754.0
806.0
748.0
632.0
814.0
738.0
728.0
676.0
794.0
708.0
714.0
664.0
698.0
722.0
746.0
646.0
718.0
700.0
792.0
768.0
828.0
716.0
786.0
690.0
808.0
788.0
800.0
708.0
618.0
734.0
798.0
748.0
2772.0
1464.0
1162.0
1602.0
1736.0
1078.0
1096.0
1466.0
1786.0
976.0
1142.0
1576.0
1854.0
1064.0
2758.0
2648.0
2156.0
1052.0
1156.0
1604.0
1682.0
1046.0
1064.0
1496.0
1826.0
1072.0
1084.0
1594.0
1866.0
1154.0
2890.0
2766.0
1536.0
972.0
820.0
1032.0
774.0
776.0
1056.0
958.0
848.0
872.0
894.0
1040.0
888.0
1088.0
2224.0
2762.0
2708.0
1446.0
1092.0
1642.0
1310.0
1214.0
1242.0
1568.0
1610.0
1372.0
1418.0
1562.0
1188.0
1222.0
2524.0
2662.0
1578.0
630.0
1204.0
1142.0
1292.0
1676.0
1664.0
1706.0
1414.0
1238.0
1522.0
1262.0
1978.0
1758.0
2962.0
2974.0
1518.0
1064.0
1358.0
1386.0
1466.0
1530.0
1564.0
1598.0
1702.0
1446.0
996.0
1000.0
1510.0
1594.0
2776.0
2882.0
1576.0
628.0
1270.0
1132.0
1308.0
1644.0
1722.0
1744.0
1428.0
1252.0
1480.0
1316.0
2058.0
1670.0
2934.0
2874.0
1614.0
1074.0
1304.0
1378.0
1448.0
1532.0
1530.0
1528.0
1630.0
1418.0
1034.0
1008.0
1446.0
1546.0
2644.0
2868.0
1884.0
1126.0
996.0
946.0
1058.0
1124.0
1050.0
1108.0
1028.0
988.0
970.0
1104.0
954.0
860.0
786.0
786.0
1076.0
1094.0
1032.0
918.0
1074.0
1120.0
1084.0
1134.0
1110.0
1240.0
1162.0
1076.0
1092.0
814.0
784.0
838.0
1266.0
1186.0
1208.0
1378.0
1320.0
1190.0
1148.0
1410.0
